Masukan jumlah chromosome: 10
masukan jumlah populasi: 10
masukan jumlah Generasi: 10
masukan jumlah probabilitas mutasi(0-100): 20
jenis tipe data: <class 'list'>
Generating Population:
[[0, 0, 0, 0, 1, 1, 1, 1, 0, 1], [1, 0, 0, 0, 1, 0, 1, 0, 0, 0], [0, 1, 0, 1, 1, 0, 1, 0, 0, 1], [1, 1, 0, 0, 0, 1, 1, 0, 1, 0], [1, 0, 0, 1, 1, 1, 0, 1, 1, 1], [0, 1, 1, 0, 1, 0, 0, 1, 1, 1], [1, 1, 1, 1, 1, 1, 0, 0, 0, 1], [1, 1, 0, 0, 1, 0, 0, 1, 1, 0], [1, 0, 0, 1, 1, 1, 0, 0, 1, 0], [1, 0, 1, 0, 0, 0, 1, 0, 1, 1]]


Generating f(h):
Masukan batas bawah X: -1
Masukan batas Atas X: 2
Masukan batas bawah Y: -1
Masukan batas Atas Y: 1


this is the list of splitted phenotype: <class 'list'>
[([0, 0, 0, 0, 1], [1, 1, 1, 0, 1]),
 ([1, 0, 0, 0, 1], [0, 1, 0, 0, 0]),
 ([0, 1, 0, 1, 1], [0, 1, 0, 0, 1]),
 ([1, 1, 0, 0, 0], [1, 1, 0, 1, 0]),
 ([1, 0, 0, 1, 1], [1, 0, 1, 1, 1]),
 ([0, 1, 1, 0, 1], [0, 0, 1, 1, 1]),
 ([1, 1, 1, 1, 1], [1, 0, 0, 0, 1]),
 ([1, 1, 0, 0, 1], [0, 0, 1, 1, 0]),
 ([1, 0, 0, 1, 1], [1, 0, 0, 1, 0]),
 ([1, 0, 1, 0, 0], [0, 1, 0, 1, 1])]


this is the list of Decoded Chromosome: <class 'list'>
[[-0.9032258064516129, 0.8709677419354838],
 [0.6451612903225805, -0.4838709677419355],
 [0.06451612903225801, -0.4193548387096775],
 [1.32258064516129, 0.6774193548387095],
 [0.8387096774193548, 0.4838709677419355],
 [0.25806451612903225, -0.5483870967741935],
 [2.0, 0.09677419354838701],
 [1.4193548387096775, -0.6129032258064516],
 [0.8387096774193548, 0.16129032258064502],
 [0.935483870967742, -0.29032258064516125]]


this is the list of Fitness: <class 'list'>
[0.4687259472573543,
 0.2550912571132592,
 -0.3541104976610567,
 2.4359273860447073,
 1.4726462302897325,
 -0.27060997537189974,
 2.089686656720105,
 1.1377929751747715,
 1.0168253729563381,
 0.7097858281487803]


this is the choosen Parents 1:
this is the choosen Parents 2:
[1, 0, 0, 1, 1, 1, 0, 1, 1, 1]


SUMMARY GENERATION 1:

Populations                     Phenotype(x, y)                               Fitness
------------------------------  ------------------------------------------  ---------
[0, 0, 0, 0, 1, 1, 1, 1, 0, 1]  [-0.9032258064516129, 0.8709677419354838]    0.468726
[1, 0, 0, 0, 1, 0, 1, 0, 0, 0]  [0.6451612903225805, -0.4838709677419355]    0.255091
[0, 1, 0, 1, 1, 0, 1, 0, 0, 1]  [0.06451612903225801, -0.4193548387096775]  -0.35411
[1, 1, 0, 0, 0, 1, 1, 0, 1, 0]  [1.32258064516129, 0.6774193548387095]       2.43593
[1, 0, 0, 1, 1, 1, 0, 1, 1, 1]  [0.8387096774193548, 0.4838709677419355]     1.47265
[0, 1, 1, 0, 1, 0, 0, 1, 1, 1]  [0.25806451612903225, -0.5483870967741935]  -0.27061
[1, 1, 1, 1, 1, 1, 0, 0, 0, 1]  [2.0, 0.09677419354838701]                   2.08969
[1, 1, 0, 0, 1, 0, 0, 1, 1, 0]  [1.4193548387096775, -0.6129032258064516]    1.13779
[1, 0, 0, 1, 1, 1, 0, 0, 1, 0]  [0.8387096774193548, 0.16129032258064502]    1.01683
[1, 0, 1, 0, 0, 0, 1, 0, 1, 1]  [0.935483870967742, -0.29032258064516125]    0.709786
Highest Fitness:
2.4359273860447073


INTERSECT POINT:
5

CHILD: [[1, 1, 0, 0, 0, 1, 0, 1, 1, 1], [1, 0, 0, 1, 1, 1, 1, 0, 1, 0]]

SUMMARY GENERATION  2 :

Populations                     Phenotype(x, y)                              Fitness
------------------------------  -----------------------------------------  ---------
[0, 0, 0, 0, 1, 1, 1, 1, 0, 1]  [-0.9032258064516129, 0.8709677419354838]   0.468726
[1, 0, 0, 0, 1, 0, 1, 0, 0, 0]  [0.6451612903225805, -0.4838709677419355]   0.255091
[1, 1, 0, 0, 0, 1, 0, 1, 1, 1]  [1.32258064516129, 0.4838709677419355]      2.03477
[1, 1, 0, 0, 0, 1, 0, 1, 1, 1]  [1.32258064516129, 0.4838709677419355]      2.03477
[1, 0, 0, 1, 1, 1, 1, 0, 1, 0]  [0.8387096774193548, 0.6774193548387095]    1.80265
[1, 0, 0, 1, 1, 1, 1, 0, 1, 0]  [0.8387096774193548, 0.6774193548387095]    1.80265
[1, 1, 1, 1, 1, 1, 0, 0, 0, 1]  [2.0, 0.09677419354838701]                  2.08969
[1, 1, 0, 0, 1, 0, 0, 1, 1, 0]  [1.4193548387096775, -0.6129032258064516]   1.13779
[1, 0, 0, 1, 1, 1, 0, 0, 1, 0]  [0.8387096774193548, 0.16129032258064502]   1.01683
[1, 0, 1, 0, 0, 0, 1, 0, 1, 1]  [0.935483870967742, -0.29032258064516125]   0.709786
Highest Fitness:
2.089686656720105


INTERSECT POINT:
7

CHILD: [[1, 1, 1, 1, 1, 1, 0, 0, 1, 0], [1, 0, 0, 1, 1, 1, 0, 0, 0, 1]]

SUMMARY GENERATION  3 :

Populations                     Phenotype(x, y)                              Fitness
------------------------------  -----------------------------------------  ---------
[1, 0, 0, 1, 1, 1, 0, 0, 0, 1]  [0.8387096774193548, 0.09677419354838701]   0.941542
[1, 1, 1, 1, 1, 1, 0, 0, 1, 0]  [2.0, 0.16129032258064502]                  2.1416
[1, 1, 0, 0, 0, 1, 0, 1, 1, 1]  [1.32258064516129, 0.4838709677419355]      2.03477
[1, 1, 0, 0, 0, 1, 0, 1, 1, 1]  [1.32258064516129, 0.4838709677419355]      2.03477
[1, 0, 0, 1, 1, 1, 1, 0, 1, 0]  [0.8387096774193548, 0.6774193548387095]    1.80265
[1, 0, 0, 1, 1, 1, 1, 0, 1, 0]  [0.8387096774193548, 0.6774193548387095]    1.80265
[1, 1, 1, 1, 1, 1, 0, 0, 1, 0]  [2.0, 0.16129032258064502]                  2.1416
[1, 1, 0, 0, 1, 0, 0, 1, 1, 0]  [1.4193548387096775, -0.6129032258064516]   1.13779
[1, 0, 0, 1, 1, 1, 0, 0, 0, 1]  [0.8387096774193548, 0.09677419354838701]   0.941542
[1, 0, 1, 0, 0, 0, 1, 0, 1, 1]  [0.935483870967742, -0.29032258064516125]   0.709786
Highest Fitness:
2.1416046530644324


INTERSECT POINT:
4

CHILD: [[1, 0, 0, 1, 1, 1, 1, 0, 1, 0], [1, 0, 0, 1, 1, 1, 0, 0, 0, 1]]

SUMMARY GENERATION  4 :

Populations                     Phenotype(x, y)                              Fitness
------------------------------  -----------------------------------------  ---------
[1, 0, 0, 1, 1, 1, 0, 0, 0, 1]  [0.8387096774193548, 0.09677419354838701]   0.941542
[1, 1, 1, 1, 1, 1, 0, 0, 1, 0]  [2.0, 0.16129032258064502]                  2.1416
[1, 1, 0, 0, 0, 1, 0, 1, 1, 1]  [1.32258064516129, 0.4838709677419355]      2.03477
[1, 1, 0, 0, 0, 1, 0, 1, 1, 1]  [1.32258064516129, 0.4838709677419355]      2.03477
[1, 0, 0, 1, 1, 1, 0, 0, 0, 1]  [0.8387096774193548, 0.09677419354838701]   0.941542
[1, 0, 0, 1, 1, 1, 0, 0, 0, 1]  [0.8387096774193548, 0.09677419354838701]   0.941542
[1, 1, 1, 1, 1, 1, 0, 0, 1, 0]  [2.0, 0.16129032258064502]                  2.1416
[1, 1, 0, 0, 1, 0, 0, 1, 1, 0]  [1.4193548387096775, -0.6129032258064516]   1.13779
[1, 0, 0, 1, 1, 1, 1, 0, 1, 0]  [0.8387096774193548, 0.6774193548387095]    1.80265
[1, 0, 0, 1, 1, 1, 1, 0, 1, 0]  [0.8387096774193548, 0.6774193548387095]    1.80265
Highest Fitness:
2.1416046530644324


INTERSECT POINT:
9

SWAP POINT:
2

SWAP POINT:
0

CHILD: [[1, 1, 1, 0, 0, 1, 0, 0, 1, 1], [1, 0, 0, 1, 1, 1, 0, 0, 0, 1]]

SUMMARY GENERATION  5 :

Populations                     Phenotype(x, y)                              Fitness
------------------------------  -----------------------------------------  ---------
[1, 1, 1, 0, 0, 1, 0, 0, 1, 1]  [1.7096774193548385, 0.22580645161290325]   1.94654
[1, 1, 1, 1, 1, 1, 0, 0, 1, 0]  [2.0, 0.16129032258064502]                  2.1416
[1, 1, 1, 0, 0, 1, 0, 0, 1, 1]  [1.7096774193548385, 0.22580645161290325]   1.94654
[1, 1, 1, 0, 0, 1, 0, 0, 1, 1]  [1.7096774193548385, 0.22580645161290325]   1.94654
[1, 0, 0, 1, 1, 1, 0, 0, 0, 1]  [0.8387096774193548, 0.09677419354838701]   0.941542
[1, 0, 0, 1, 1, 1, 0, 0, 0, 1]  [0.8387096774193548, 0.09677419354838701]   0.941542
[1, 1, 1, 1, 1, 1, 0, 0, 1, 0]  [2.0, 0.16129032258064502]                  2.1416
[1, 1, 0, 0, 1, 0, 0, 1, 1, 0]  [1.4193548387096775, -0.6129032258064516]   1.13779
[1, 0, 0, 1, 1, 1, 1, 0, 1, 0]  [0.8387096774193548, 0.6774193548387095]    1.80265
[1, 0, 0, 1, 1, 1, 1, 0, 1, 0]  [0.8387096774193548, 0.6774193548387095]    1.80265
Highest Fitness:
2.1416046530644324


INTERSECT POINT:
6

SWAP POINT:
2

SWAP POINT:
2

CHILD: [[1, 1, 0, 0, 0, 1, 1, 1, 1, 0], [1, 0, 0, 1, 1, 1, 0, 0, 1, 1]]

SUMMARY GENERATION  6 :

Populations                     Phenotype(x, y)                              Fitness
------------------------------  -----------------------------------------  ---------
[1, 1, 0, 0, 0, 1, 1, 1, 1, 0]  [1.32258064516129, 0.935483870967742]        3.01351
[1, 1, 1, 1, 1, 1, 0, 0, 1, 0]  [2.0, 0.16129032258064502]                   2.1416
[1, 1, 0, 0, 0, 1, 1, 1, 1, 0]  [1.32258064516129, 0.935483870967742]        3.01351
[1, 1, 0, 0, 0, 1, 1, 1, 1, 0]  [1.32258064516129, 0.935483870967742]        3.01351
[1, 1, 0, 0, 0, 1, 1, 1, 1, 0]  [1.32258064516129, 0.935483870967742]        3.01351
[1, 0, 0, 1, 1, 1, 0, 0, 1, 1]  [0.8387096774193548, 0.22580645161290325]    1.09748
[1, 1, 1, 1, 1, 1, 0, 0, 1, 0]  [2.0, 0.16129032258064502]                   2.1416
[1, 1, 0, 0, 1, 0, 0, 1, 1, 0]  [1.4193548387096775, -0.6129032258064516]    1.13779
[1, 0, 0, 1, 1, 1, 0, 0, 1, 1]  [0.8387096774193548, 0.22580645161290325]    1.09748
[1, 0, 0, 1, 1, 1, 0, 0, 1, 1]  [0.8387096774193548, 0.22580645161290325]    1.09748
Highest Fitness:
3.013505125043241


INTERSECT POINT:
5

CHILD: [[1, 1, 0, 0, 0, 1, 0, 0, 1, 1], [1, 0, 0, 1, 1, 1, 1, 1, 1, 0]]

SUMMARY GENERATION  7 :

Populations                     Phenotype(x, y)                              Fitness
------------------------------  -----------------------------------------  ---------
[1, 1, 0, 0, 0, 1, 0, 0, 1, 1]  [1.32258064516129, 0.22580645161290325]      1.59854
[1, 1, 1, 1, 1, 1, 0, 0, 1, 0]  [2.0, 0.16129032258064502]                   2.1416
[1, 1, 0, 0, 0, 1, 0, 0, 1, 1]  [1.32258064516129, 0.22580645161290325]      1.59854
[1, 1, 0, 0, 0, 1, 0, 0, 1, 1]  [1.32258064516129, 0.22580645161290325]      1.59854
[1, 1, 0, 0, 0, 1, 0, 0, 1, 1]  [1.32258064516129, 0.22580645161290325]      1.59854
[1, 1, 0, 0, 0, 1, 0, 0, 1, 1]  [1.32258064516129, 0.22580645161290325]      1.59854
[1, 1, 1, 1, 1, 1, 0, 0, 1, 0]  [2.0, 0.16129032258064502]                   2.1416
[1, 1, 0, 0, 1, 0, 0, 1, 1, 0]  [1.4193548387096775, -0.6129032258064516]    1.13779
[1, 0, 0, 1, 1, 1, 1, 1, 1, 0]  [0.8387096774193548, 0.935483870967742]      2.27073
[1, 0, 0, 1, 1, 1, 1, 1, 1, 0]  [0.8387096774193548, 0.935483870967742]      2.27073
Highest Fitness:
2.2707255392053947


INTERSECT POINT:
1

SWAP POINT:
3

SWAP POINT:
1

CHILD: [[1, 1, 0, 0, 1, 0, 0, 1, 1, 0], [1, 1, 1, 1, 1, 1, 0, 0, 1, 0]]

SUMMARY GENERATION  8 :

Populations                     Phenotype(x, y)                              Fitness
------------------------------  -----------------------------------------  ---------
[1, 1, 1, 1, 1, 1, 0, 0, 1, 0]  [2.0, 0.16129032258064502]                   2.1416
[1, 1, 0, 0, 1, 0, 0, 1, 1, 0]  [1.4193548387096775, -0.6129032258064516]    1.13779
[1, 1, 0, 0, 0, 1, 0, 0, 1, 1]  [1.32258064516129, 0.22580645161290325]      1.59854
[1, 1, 0, 0, 0, 1, 0, 0, 1, 1]  [1.32258064516129, 0.22580645161290325]      1.59854
[1, 1, 0, 0, 0, 1, 0, 0, 1, 1]  [1.32258064516129, 0.22580645161290325]      1.59854
[1, 1, 0, 0, 0, 1, 0, 0, 1, 1]  [1.32258064516129, 0.22580645161290325]      1.59854
[1, 1, 0, 0, 1, 0, 0, 1, 1, 0]  [1.4193548387096775, -0.6129032258064516]    1.13779
[1, 1, 0, 0, 1, 0, 0, 1, 1, 0]  [1.4193548387096775, -0.6129032258064516]    1.13779
[1, 0, 0, 1, 1, 1, 1, 1, 1, 0]  [0.8387096774193548, 0.935483870967742]      2.27073
[1, 0, 0, 1, 1, 1, 1, 1, 1, 0]  [0.8387096774193548, 0.935483870967742]      2.27073
Highest Fitness:
2.2707255392053947


INTERSECT POINT:
7

CHILD: [[1, 0, 0, 1, 1, 1, 1, 1, 1, 0], [1, 1, 0, 0, 1, 0, 0, 1, 1, 0]]

SUMMARY GENERATION  9 :

Populations                     Phenotype(x, y)                              Fitness
------------------------------  -----------------------------------------  ---------
[1, 1, 1, 1, 1, 1, 0, 0, 1, 0]  [2.0, 0.16129032258064502]                   2.1416
[1, 0, 0, 1, 1, 1, 1, 1, 1, 0]  [0.8387096774193548, 0.935483870967742]      2.27073
[1, 1, 0, 0, 0, 1, 0, 0, 1, 1]  [1.32258064516129, 0.22580645161290325]      1.59854
[1, 1, 0, 0, 0, 1, 0, 0, 1, 1]  [1.32258064516129, 0.22580645161290325]      1.59854
[1, 1, 0, 0, 0, 1, 0, 0, 1, 1]  [1.32258064516129, 0.22580645161290325]      1.59854
[1, 1, 0, 0, 0, 1, 0, 0, 1, 1]  [1.32258064516129, 0.22580645161290325]      1.59854
[1, 1, 0, 0, 1, 0, 0, 1, 1, 0]  [1.4193548387096775, -0.6129032258064516]    1.13779
[1, 1, 0, 0, 1, 0, 0, 1, 1, 0]  [1.4193548387096775, -0.6129032258064516]    1.13779
[1, 0, 0, 1, 1, 1, 1, 1, 1, 0]  [0.8387096774193548, 0.935483870967742]      2.27073
[1, 0, 0, 1, 1, 1, 1, 1, 1, 0]  [0.8387096774193548, 0.935483870967742]      2.27073
Highest Fitness:
2.2707255392053947


INTERSECT POINT:
5

SWAP POINT:
1

SWAP POINT:
4

CHILD: [[1, 1, 0, 1, 1, 1, 0, 0, 0, 1], [1, 1, 0, 0, 1, 0, 1, 1, 1, 0]]

SUMMARY GENERATION  10 :

Populations                     Phenotype(x, y)                               Fitness
------------------------------  ------------------------------------------  ---------
[1, 1, 1, 1, 1, 1, 0, 0, 1, 0]  [2.0, 0.16129032258064502]                    2.1416
[1, 1, 0, 1, 1, 1, 0, 0, 0, 1]  [1.6129032258064515, 0.09677419354838701]     1.71449
[1, 1, 0, 0, 1, 0, 1, 1, 1, 0]  [1.4193548387096775, -0.09677419354838712]    1.33104
[1, 1, 0, 0, 1, 0, 1, 1, 1, 0]  [1.4193548387096775, -0.09677419354838712]    1.33104
[1, 1, 0, 0, 1, 0, 1, 1, 1, 0]  [1.4193548387096775, -0.09677419354838712]    1.33104
[1, 1, 0, 0, 1, 0, 1, 1, 1, 0]  [1.4193548387096775, -0.09677419354838712]    1.33104
[1, 1, 0, 1, 1, 1, 0, 0, 0, 1]  [1.6129032258064515, 0.09677419354838701]     1.71449
[1, 1, 0, 0, 1, 0, 1, 1, 1, 0]  [1.4193548387096775, -0.09677419354838712]    1.33104
[1, 1, 0, 1, 1, 1, 0, 0, 0, 1]  [1.6129032258064515, 0.09677419354838701]     1.71449
[1, 1, 0, 1, 1, 1, 0, 0, 0, 1]  [1.6129032258064515, 0.09677419354838701]     1.71449
Highest Fitness:
2.1416046530644324


INTERSECT POINT:
9

CHILD: [[1, 1, 0, 0, 1, 0, 1, 1, 1, 1], [1, 1, 0, 1, 1, 1, 0, 0, 0, 0]]

Chromosome terbaik ialah di generasi:  6
Chromosome:  [1, 1, 0, 0, 1, 0, 1, 1, 1, 1]
Phenotype (x,y):  [1.32258064516129, 0.935483870967742]
Fitness:  3.013505125043241